[gd_scene format=3 uid="uid://bqqgyqafm7xwp"]

[ext_resource type="Environment" uid="uid://bqnqgflivjvue" path="res://scenes/main-environment.tres" id="1_ahusb"]
[ext_resource type="Script" uid="uid://djpme521r3cxe" path="res://scripts/main.gd" id="1_jkv2x"]
[ext_resource type="PackedScene" uid="uid://dl2ed4gkybggf" path="res://objects/player.tscn" id="2_onms2"]
[ext_resource type="Texture2D" uid="uid://g5fvem52dmqt" path="res://sprites/fihSprite.png" id="3_jbj1t"]
[ext_resource type="Script" uid="uid://bcg2kkbsnttec" path="res://scripts/view.gd" id="5_bg0fr"]
[ext_resource type="PackedScene" uid="uid://cnymdajj1vsqm" path="res://objects/platform.tscn" id="6_sdmev"]
[ext_resource type="PackedScene" uid="uid://rjh4ifidqrfp" path="res://objects/platform_medium.tscn" id="7_ixpj3"]
[ext_resource type="PackedScene" uid="uid://uqr4hswv6d2g" path="res://objects/platform_grass_large_round.tscn" id="8_4oh1e"]
[ext_resource type="PackedScene" uid="uid://c8up71en5djgm" path="res://objects/platform_falling.tscn" id="9_2fnpo"]
[ext_resource type="PackedScene" uid="uid://dtjvjdjl8cs6e" path="res://models/flag.glb" id="9_fw1f5"]
[ext_resource type="PackedScene" uid="uid://dfpisimsgf5ce" path="res://objects/coin.tscn" id="10_fwhys"]
[ext_resource type="Script" uid="uid://c0cji5kfgyvnw" path="res://scripts/flag.gd" id="10_jbj1t"]
[ext_resource type="Script" uid="uid://bap462su1xjtx" path="res://scripts/hud.gd" id="11_apvpm"]
[ext_resource type="PackedScene" uid="uid://85ldumyetgou" path="res://objects/brick.tscn" id="12_jkv2x"]
[ext_resource type="PackedScene" uid="uid://dy017k58p20sk" path="res://objects/cloud.tscn" id="13_drtpy"]
[ext_resource type="Texture2D" uid="uid://cd7oyc56ehkx1" path="res://sprites/coin.png" id="13_jfda3"]
[ext_resource type="FontFile" uid="uid://d0cxd77jybrcn" path="res://fonts/lilita_one_regular.ttf" id="17_tk810"]

[sub_resource type="GDScript" id="GDScript_jkv2x"]
script/source = "extends Node3D


# Called when the node enters the scene tree for the first time.
func _ready() -> void:
	pass # Replace with function body.


# Called every frame. 'delta' is the elapsed time since the previous frame.
func _process(delta: float) -> void:
	pass
"

[sub_resource type="LabelSettings" id="LabelSettings_38ys3"]
font = ExtResource("17_tk810")
font_size = 48
shadow_color = Color(0, 0, 0, 0.376471)
shadow_offset = Vector2(2, 2)

[node name="Main" type="Node3D" unique_id=1400668915]
script = ExtResource("1_jkv2x")

[node name="Environment" type="WorldEnvironment" parent="." unique_id=1738687663]
environment = ExtResource("1_ahusb")

[node name="Player" parent="." unique_id=410666124 node_paths=PackedStringArray("view") groups=["player"] instance=ExtResource("2_onms2")]
transform = Transform3D(0.9565108, -0.037597045, -0.28926378, 0.026788687, 0.9987902, -0.041235298, 0.29046416, 0.03169301, 0.9563609, 0.05054736, 1.0968858, 0.22478938)
view = NodePath("../View")

[node name="Sprite3D" type="Sprite3D" parent="Player" unique_id=183465309]
transform = Transform3D(1.0000007, -9.313226e-10, -8.940697e-08, -6.519258e-09, 1, -1.3038516e-08, -2.9802322e-08, 1.8626451e-09, 1.0000007, 0.014597401, 0.54425013, -0.02246949)
billboard = 2
texture = ExtResource("3_jbj1t")

[node name="View" type="Node3D" parent="." unique_id=1631523636 node_paths=PackedStringArray("target")]
transform = Transform3D(0.707107, -0.298836, 0.640856, 0, 0.906308, 0.422618, -0.707107, -0.298836, 0.640856, 0, 0, 0)
script = ExtResource("5_bg0fr")
target = NodePath("../Player")

[node name="Camera" type="Camera3D" parent="View" unique_id=1036434963]
transform = Transform3D(1, 0, 0, 0, 1, 0, 0, 0, 1, 0, 0, 10)
current = true
fov = 40.0

[node name="World" type="Node3D" parent="." unique_id=479499583]

[node name="platform" parent="World" unique_id=499622866 instance=ExtResource("6_sdmev")]
transform = Transform3D(0.993085, 0, -0.117399, 0, 1, 0, 0.117399, 0, 0.993085, 0, 0, 0)

[node name="platform9" parent="World" unique_id=347402418 instance=ExtResource("6_sdmev")]
transform = Transform3D(0.8912609, 0, -0.45349425, 0, 1, 0, 0.45349425, 0, 0.8912609, -17.499233, -6.724697, -0.34543633)

[node name="platform8" parent="World" unique_id=42459824 instance=ExtResource("6_sdmev")]
transform = Transform3D(0.9724357, 0, -0.23317441, 0, 1, 0, 0.23317441, 0, 0.9724357, -18.221146, -4.8328643, 0.75093555)

[node name="platform7" parent="World" unique_id=1421046838 instance=ExtResource("6_sdmev")]
transform = Transform3D(0.93833727, 0, -0.3457251, 0, 1, 0, 0.3457251, 0, 0.93833727, -19.271248, -4.0245295, 2.864434)

[node name="platform10" parent="World" unique_id=129037573 instance=ExtResource("6_sdmev")]
transform = Transform3D(0.97243536, 0, -0.23317438, 0, 1, 0, 0.23317438, 0, 0.97243536, -12.801473, -0.3401053, 2.342131)

[node name="platform4" parent="World" unique_id=1628607284 instance=ExtResource("6_sdmev")]
transform = Transform3D(0.993085, 0, -0.117399, 0, 1, 0, 0.117399, 0, 0.993085, -15, -1.5615667, 4.5349045)

[node name="platform5" parent="World" unique_id=1054762395 instance=ExtResource("6_sdmev")]
transform = Transform3D(0.7855841, -0.30099908, -0.54060847, 0.44479603, 0.8820766, 0.15523313, 0.4301331, -0.362409, 0.82682866, -21.925076, 0.3466103, -2.6836262)

[node name="platform6" parent="World" unique_id=283157807 instance=ExtResource("6_sdmev")]
transform = Transform3D(0.9779442, 0, 0.20886743, 0, 1, 0, -0.20886743, 0, 0.9779442, -22.07586, 1.5132568, -4.765484)

[node name="platform2" parent="World" unique_id=858519907 instance=ExtResource("6_sdmev")]
transform = Transform3D(1, 0, 0, 0, 1, 0, 0, 0, 1, -3, 2, -3.995639)

[node name="platform3" parent="World" unique_id=1107462682 instance=ExtResource("6_sdmev")]
transform = Transform3D(0.966237, 0, -0.257656, 0, 1, 0, 0.257656, 0, 0.966237, -3, 3, -6.449931)

[node name="platform-medium2" parent="World" unique_id=1906613321 instance=ExtResource("7_ixpj3")]
transform = Transform3D(0.995121, 0, 0.0986598, 0, 1, 0, -0.0986598, 0, 0.995121, -5, -2.039, 1.3946228)

[node name="platform-medium4" parent="World" unique_id=346271300 instance=ExtResource("7_ixpj3")]
transform = Transform3D(0.89913887, 0.25466946, -0.35593984, -0.23679064, 0.96702814, 0.093737714, 0.368076, 0, 0.929796, -14.9422, 0.991941, 0.128304)

[node name="platform-medium3" parent="World" unique_id=630400250 instance=ExtResource("7_ixpj3")]
transform = Transform3D(1, 0, 0, 0, 1, 0, 0, 0, 1, 0, 3, -6)
script = SubResource("GDScript_jkv2x")

[node name="platform-falling6" parent="World" unique_id=138120924 instance=ExtResource("9_2fnpo")]
transform = Transform3D(0.7660457, 0, 0.6427875, 0, 1, 0, -0.6427875, 0, 0.7660457, -17.14375, -2.6035252, 6.2478333)

[node name="platform-falling4" parent="World" unique_id=1263809918 instance=ExtResource("9_2fnpo")]
transform = Transform3D(0.9396932, 0, 0.3420199, 0, 1, 0, -0.3420199, 0, 0.9396932, -8.5784645, -3.6375535, 1.3583183)

[node name="platform-falling" parent="World" unique_id=1575283525 instance=ExtResource("9_2fnpo")]
transform = Transform3D(0.984808, 0, 0.173648, 0, 1, 0, -0.173648, 0, 0.984808, -2.9978414, -0.015047312, 0.07760739)

[node name="platform-falling5" parent="World" unique_id=760969575 instance=ExtResource("9_2fnpo")]
transform = Transform3D(0.9781478, 0, -0.20791088, 0, 1, 0, 0.20791088, 0, 0.9781478, -14.613793, -4.5161214, 0.48943546)

[node name="platform-falling2" parent="World" unique_id=1147074224 instance=ExtResource("9_2fnpo")]
transform = Transform3D(0.994522, 0, -0.104528, 0, 1, 0, 0.104528, 0, 0.994522, -11.090467, -5.5120296, 0.015671968)

[node name="platform-falling3" parent="World" unique_id=434789151 instance=ExtResource("9_2fnpo")]
transform = Transform3D(0.939693, 0, 0.34202, 0, 1, 0, -0.34202, 0, 0.939693, -11.7527, 1.8303, -2.30579)

[node name="platform-grass-large-round" parent="World" unique_id=6832841 instance=ExtResource("8_4oh1e")]
transform = Transform3D(0.92934537, 0.36921155, 0, -0.36921155, 0.92934537, 0, 0, 0, 1, -7, 1, -3.0378582)

[node name="platform-grass-large-round2" parent="World" unique_id=1601807632 instance=ExtResource("8_4oh1e")]
transform = Transform3D(1, 0, 0, 0, 0.9716152, -0.23656684, 0, 0.23656684, 0.9716152, -19.31048, 1, 2.8319645)

[node name="flag" parent="World" unique_id=486957426 instance=ExtResource("9_fw1f5")]
transform = Transform3D(0.707107, 0, -0.707107, 0, 1, 0, 0.707107, 0, 0.707107, 0, 3.48077, -6)
script = ExtResource("10_jbj1t")

[node name="coin" parent="World" unique_id=1150222333 instance=ExtResource("10_fwhys")]
transform = Transform3D(1, 0, 0, 0, 1, 0, 0, 0, 1, -3, 0.635, 0)

[node name="coin16" parent="World" unique_id=1991253979 instance=ExtResource("10_fwhys")]
transform = Transform3D(1, 0, 0, 0, 1, 0, 0, 0, 1, -19.511818, -2.8995895, 2.8293495)

[node name="coin17" parent="World" unique_id=1985884131 instance=ExtResource("10_fwhys")]
transform = Transform3D(1, 0, 0, 0, 1, 0, 0, 0, 1, -16.963428, 0.17095709, 6.267997)

[node name="coin15" parent="World" unique_id=76718712 instance=ExtResource("10_fwhys")]
transform = Transform3D(1, 0, 0, 0, 1, 0, 0, 0, 1, -17.375578, -1.5204545, 6.3799934)

[node name="coin18" parent="World" unique_id=1260281969 instance=ExtResource("10_fwhys")]
transform = Transform3D(1, 0, 0, 0, 1, 0, 0, 0, 1, -14.9913845, -5.876462, 0.5052341)

[node name="coin10" parent="World" unique_id=1874137132 instance=ExtResource("10_fwhys")]
transform = Transform3D(1, 0, 0, 0, 1, 0, 0, 0, 1, -5.0018997, -0.76706386, 1.5142)

[node name="coin2" parent="World" unique_id=987872720 instance=ExtResource("10_fwhys")]
transform = Transform3D(1, 0, 0, 0, 1, 0, 0, 0, 1, -7.0437, 1.97005, -1.4631227)

[node name="coin3" parent="World" unique_id=1413365933 instance=ExtResource("10_fwhys")]
transform = Transform3D(1, 0, 0, 0, 1, 0, 0, 0, 1, -7.0437, 1.97005, -2.1192172)

[node name="coin5" parent="World" unique_id=195707481 instance=ExtResource("10_fwhys")]
transform = Transform3D(1, 0, 0, 0, 1, 0, 0, 0, 1, -11.7731, 2.54941, -2.28223)

[node name="coin6" parent="World" unique_id=238053595 instance=ExtResource("10_fwhys")]
transform = Transform3D(1, 0, 0, 0, 1, 0, 0, 0, 1, -14.8111, 1.6888, 0.328574)

[node name="coin7" parent="World" unique_id=1229690923 instance=ExtResource("10_fwhys")]
transform = Transform3D(1, 0, 0, 0, 1, 0, 0, 0, 1, -14.8111, 2.6888, 0.328574)

[node name="coin8" parent="World" unique_id=305158847 instance=ExtResource("10_fwhys")]
transform = Transform3D(1, 0, 0, 0, 1, 0, 0, 0, 1, -14.9647, -0.6068424, 4.7139306)

[node name="coin9" parent="World" unique_id=1180272875 instance=ExtResource("10_fwhys")]
transform = Transform3D(1, 0, 0, 0, 1, 0, 0, 0, 1, 0, 5, -6)

[node name="coin4" parent="World" unique_id=890841748 instance=ExtResource("10_fwhys")]
transform = Transform3D(1, 0, 0, 0, 1, 0, 0, 0, 1, -7.0437, 1.97005, -2.9565527)

[node name="coin11" parent="World" unique_id=1599444612 instance=ExtResource("10_fwhys")]
transform = Transform3D(1, 0, 0, 0, 1, 0, 0, 0, 1, -6.7093306, 5.3392777, -2.0042212)

[node name="coin12" parent="World" unique_id=49437820 instance=ExtResource("10_fwhys")]
transform = Transform3D(1, 0, 0, 0, 1, 0, 0, 0, 1, -18.979, 1.7754431, 2.8622048)

[node name="coin13" parent="World" unique_id=1149935657 instance=ExtResource("10_fwhys")]
transform = Transform3D(1, 0, 0, 0, 1, 0, 0, 0, 1, -22.11739, 2.56071, -4.7569985)

[node name="coin14" parent="World" unique_id=1660988868 instance=ExtResource("10_fwhys")]
transform = Transform3D(1, 0, 0, 0, 1, 0, 0, 0, 1, -22.11739, 3.320589, -4.7569985)

[node name="cube8" parent="World" unique_id=1444252207 instance=ExtResource("13_drtpy")]
transform = Transform3D(1, 0, 0, 0, 1, 0, 0, 0, 1, 1.5495, 1.10741, -2.666)

[node name="cube9" parent="World" unique_id=533638347 instance=ExtResource("13_drtpy")]
transform = Transform3D(1.27593, -0.401864, 0.422933, 0.471408, 1.30937, -0.178025, -0.343721, 0.304009, 1.32582, 3.33538, 1.37146, -4.1932)

[node name="cube10" parent="World" unique_id=998822351 instance=ExtResource("13_drtpy")]
transform = Transform3D(1.32811, 0.370441, 0.259369, -0.293866, 1.3186, -0.37854, -0.34372, 0.30401, 1.32582, -10.5752, 2.03819, -7.93707)

[node name="cube11" parent="World" unique_id=556741661 instance=ExtResource("13_drtpy")]
transform = Transform3D(0.476646, 0.924607, 0.941422, -0.929853, 0.945559, -0.457882, -0.93624, -0.468385, 0.934042, -9.467535, 2.0381904, 11.509415)

[node name="cube12" parent="World" unique_id=1151825559 instance=ExtResource("13_drtpy")]
transform = Transform3D(-1.02876, -0.695523, 0.652886, -0.929853, 0.945557, -0.457881, -0.213027, -0.768461, -1.15432, -9.201835, 2.7950804, 13.743215)

[node name="cube13" parent="World" unique_id=157797138 instance=ExtResource("13_drtpy")]
transform = Transform3D(1.56209, -1.37982, 1.71508, 1.97375, 1.80907, -0.342241, -0.974547, 1.4522, 2.05595, -14.3045, 2.03819, -8.24191)

[node name="cube14" parent="World" unique_id=1415248105 instance=ExtResource("13_drtpy")]
transform = Transform3D(1.56209, -1.37982, 1.71508, 1.97375, 1.80907, -0.342241, -0.974547, 1.4522, 2.05595, -14.152035, 2.0381904, 10.065234)

[node name="brick" parent="World" unique_id=1882510217 instance=ExtResource("12_jkv2x")]
transform = Transform3D(1, 0, 0, 0, 1, 0, 0, 0, 1, -2.8641815, 1.9857206, -0.08861771)

[node name="brick2" parent="World" unique_id=1990624626 instance=ExtResource("12_jkv2x")]
transform = Transform3D(0.8552648, 0, -0.5181912, 0, 1, 0, 0.5181912, 0, 0.8552648, -6.7635055, 3.2150104, -2.0195704)

[node name="brick4" parent="World" unique_id=2066594395 instance=ExtResource("12_jkv2x")]
transform = Transform3D(0.763751, 0, 0.64551103, 0, 1, 0, -0.64551103, 0, 0.763751, -17.035763, -0.55943483, 6.2729053)

[node name="brick3" parent="World" unique_id=951834923 instance=ExtResource("12_jkv2x")]
transform = Transform3D(0.93908226, 0, 0.34369248, 0, 1, 0, -0.34369248, 0, 0.93908226, -19.034018, 3.215011, 2.869449)

[node name="Sun" type="DirectionalLight3D" parent="." unique_id=868422322]
transform = Transform3D(-0.422618, -0.694272, 0.582563, 0, 0.642788, 0.766044, -0.906308, 0.323744, -0.271654, 0, 0, 0)
shadow_enabled = true
shadow_opacity = 0.75

[node name="HUD" type="Control" parent="." unique_id=1685582918]
layout_mode = 3
anchors_preset = 13
anchor_left = 0.5
anchor_right = 0.5
anchor_bottom = 1.0
offset_left = -640.0
offset_right = 640.0
grow_horizontal = 2
grow_vertical = 2
size_flags_horizontal = 8
size_flags_vertical = 8
script = ExtResource("11_apvpm")

[node name="Icon" type="TextureRect" parent="HUD" unique_id=1579001500]
layout_mode = 0
offset_left = 57.0
offset_top = 67.0
offset_right = 313.0
offset_bottom = 323.0
scale = Vector2(0.2, 0.2)
texture = ExtResource("13_jfda3")

[node name="x" type="Label" parent="HUD" unique_id=380179758]
layout_mode = 0
offset_left = 112.0
offset_top = 64.0
offset_right = 144.0
offset_bottom = 123.0
text = "×"
label_settings = SubResource("LabelSettings_38ys3")
metadata/_edit_use_anchors_ = true

[node name="Coins" type="Label" parent="HUD" unique_id=1374681503]
layout_mode = 0
offset_left = 144.0
offset_top = 64.0
offset_right = 368.0
offset_bottom = 123.0
text = "0"
label_settings = SubResource("LabelSettings_38ys3")
metadata/_edit_use_anchors_ = true

[node name="CanvasLayer" type="CanvasLayer" parent="." unique_id=2137978247]

[node name="Control" type="Control" parent="CanvasLayer" unique_id=213824682]
layout_mode = 3
anchors_preset = 0
offset_right = 40.0
offset_bottom = 40.0

[connection signal="coin_collected" from="Player" to="HUD" method="_on_coin_collected"]
